(
ring: [ 8.0, 1, 2368.969162476, 0.7443291041907, 0.35765090349865 ],
reverb: [ 26.0, 1, 0.45612745098039, 0.47033463440603, 6.0174399458955, 4, 0.054361836201538 ],
limiter:  [ 8.0, 1, 0.87254901960784, 0.1, 1.0 ],
compander_beat: [ 10.0, 1, 0.37254901960784, 1.0, 0.30226798914857, 0.021967631604422, 0.037800880290276, 1.839525795804 ],
companderd_01: [ 10.0, 1, 0.27254901960784, 1.0, 0.30226798914857, 0.021967631604422, 0.041800880290276, 1.939525795804 ]

)